Ergebnisse mit verschiedenen Thresholds:
 single_weight  multi_weight  ngram_size  pos_context_length  top_n_similar  oversampling_factor  threshold  micro_precision  micro_recall  micro_f1  macro_precision  macro_recall  macro_f1
           1.0           0.8          10                   3              0                    1       0.50         0.711379      0.711379  0.711379         0.708244      0.496528  0.522053
           1.0           0.8          10                   3              0                    1       0.55         0.719292      0.719292  0.719292         0.702937      0.517565  0.545524
           1.0           0.8          10                   3              0                    1       0.60         0.719292      0.719292  0.719292         0.683210      0.530441  0.558483
           1.0           0.8          10                   3              0                    1       0.65         0.718538      0.718538  0.718538         0.665975      0.546137  0.573502
           1.0           0.8          10                   3              0                    1       0.70         0.712133      0.712133  0.712133         0.639768      0.555501  0.578485
           1.0           0.8          10                   3              0                    1       0.75         0.693293      0.693293  0.693293         0.603050      0.561454  0.576071
           1.0           0.8          10                   3              0                    1       0.80         0.666918      0.666918  0.666918         0.570845      0.563533  0.566424
           1.0           0.8          10                   3              0                    1       0.85         0.633384      0.633384  0.633384         0.543309      0.564077  0.551935
           1.0           0.8          10                   3              0                    1       0.90         0.614544      0.614544  0.614544         0.528903      0.558251  0.539927
           1.0           0.8          10                   5              0                    1       0.50         0.711756      0.711756  0.711756         0.699118      0.498022  0.522463
           1.0           0.8          10                   5              0                    1       0.55         0.716654      0.716654  0.716654         0.687898      0.515357  0.541712
           1.0           0.8          10                   5              0                    1       0.60         0.717784      0.717784  0.717784         0.675244      0.529674  0.556333
           1.0           0.8          10                   5              0                    1       0.65         0.718538      0.718538  0.718538         0.661468      0.546795  0.572800
           1.0           0.8          10                   5              0                    1       0.70         0.709872      0.709872  0.709872         0.632689      0.553275  0.574959
           1.0           0.8          10                   5              0                    1       0.75         0.692540      0.692540  0.692540         0.598941      0.557232  0.570746
           1.0           0.8          10                   5              0                    1       0.80         0.668802      0.668802  0.668802         0.571864      0.563876  0.566681
           1.0           0.8          10                   5              0                    1       0.85         0.632630      0.632630  0.632630         0.543580      0.566061  0.552797
           1.0           0.8          10                   5              0                    1       0.90         0.612660      0.612660  0.612660         0.528508      0.559655  0.540044
           1.0           0.8          15                   3              0                    1       0.50         0.715147      0.715147  0.715147         0.675742      0.512827  0.543139
           1.0           0.8          15                   3              0                    1       0.55         0.716277      0.716277  0.716277         0.668348      0.526934  0.556981
           1.0           0.8          15                   3              0                    1       0.60         0.715901      0.715901  0.715901         0.659419      0.539396  0.568571
           1.0           0.8          15                   3              0                    1       0.65         0.713640      0.713640  0.713640         0.642498      0.550476  0.575641
           1.0           0.8          15                   3              0                    1       0.70         0.702713      0.702713  0.702713         0.617416      0.560504  0.579074
           1.0           0.8          15                   3              0                    1       0.75         0.684250      0.684250  0.684250         0.590551      0.567081  0.576589
           1.0           0.8          15                   3              0                    1       0.80         0.654107      0.654107  0.654107         0.558909      0.561862  0.560257
           1.0           0.8          15                   3              0                    1       0.85         0.624341      0.624341  0.624341         0.535304      0.560281  0.545306
           1.0           0.8          15                   3              0                    1       0.90         0.610399      0.610399  0.610399         0.525105      0.556340  0.536463
           1.0           0.8          15                   5              0                    1       0.50         0.715147      0.715147  0.715147         0.679075      0.512186  0.542493
           1.0           0.8          15                   5              0                    1       0.55         0.719292      0.719292  0.719292         0.675741      0.531050  0.563044
           1.0           0.8          15                   5              0                    1       0.60         0.719668      0.719668  0.719668         0.667528      0.541983  0.571884
           1.0           0.8          15                   5              0                    1       0.65         0.715524      0.715524  0.715524         0.651058      0.552078  0.578974
           1.0           0.8          15                   5              0                    1       0.70         0.703843      0.703843  0.703843         0.622040      0.558729  0.579136
           1.0           0.8          15                   5              0                    1       0.75         0.684627      0.684627  0.684627         0.594314      0.567909  0.578550
           1.0           0.8          15                   5              0                    1       0.80         0.656368      0.656368  0.656368         0.562465      0.563666  0.562842
           1.0           0.8          15                   5              0                    1       0.85         0.626978      0.626978  0.626978         0.539597      0.564846  0.549794
           1.0           0.8          15                   5              0                    1       0.90         0.610399      0.610399  0.610399         0.527083      0.559110  0.538749

Beste gefundene Kombination mit Threshold:
{'single_weight': 1.0, 'multi_weight': 0.8, 'ngram_size': 15, 'pos_context_length': 5, 'top_n_similar': 0, 'oversampling_factor': 1, 'threshold': 0.7, 'micro_precision': 0.7038432554634514, 'micro_recall': 0.7038432554634514, 'micro_f1': 0.7038432554634514, 'macro_precision': 0.6220400120484252, 'macro_recall': 0.5587293585918084, 'macro_f1': 0.579136325872205}

Klassifikationsbericht des besten Modells:
              precision  recall  f1-score    support
group            0.5000  0.2932    0.3697   399.0000
individual       0.6179  0.5300    0.5706   534.0000
public           0.7482  0.8530    0.7972  1721.0000
accuracy         0.7038  0.7038    0.7038     0.7038
macro avg        0.6220  0.5587    0.5791  2654.0000
weighted avg     0.6847  0.7038    0.6873  2654.0000
